NON 1111111111.) 42
111111111111111111111111111101111,

1111111111111111111111111111111101111
1111111111 11111111 111 1111111111 inueni:
111111111111111111111111111111111111

1ο 1111111111011111111111111161111111 1

1111161111111111111111111111111111)
1111111111 1111 111 1111111111 nequ-ee, 111 111
111111111111111111111,1111111111 1111111111
11111111111111111181111111111111111
1111111111 ,11111111111111111118111111111
111111111111111111111111111111111111
h 111111111111111111111111111111111
1111111111111101111111οά01
1811111111,111111οὓ1ο1111111111111111
ς11111111111111ρ11111111111 1111111111
11111111111111111111111181111111
11111111111111111, 1111111100 4
111111111111111111111111111111111 111,

’1111111111111111 accenso 111111 11111 f
161111118111, atq3 1111111 1111111111

11111111111111111111111111111 ψ
aquae hquore 1111 guttls 11111111 111 , ’

fiis„

 

