11113131331133 1,
1131 1111113113 3311 ,31131131113111
8111111111. 11133133133111313 1111111111·
pauca hocloco (13 331131 31131133
1311313330111131113311311113
11311111131113111113391333113 “
331311 s 11133 13113113 111 1331133311) 113,
1131ι 1111111113 111111 vero Col 11111331
1333111113113111111 1133 831331 1113111 ·
mella, Col figenda 33113 1331333111 „-

111311313,3113131111111’1311101311113131133
31133311111111131111 ease 13 ,,
1131111333113,111111111111131111111113,
111 3031361311131131113 113113331111. ,·
1111111113 331331311133113 1113113 ,,
111113111111131313113311111,31111113113,,
1333331111311111113111 1133131333111 ,,
(11.311311111111113111111111 attende
1311331131111111311311133 in ,3111133111
11111113111311311111111 11111111113111
rosea nes 1111111113 ,3110331311
111111113331111310 ,13111 1nos. 31113113
1111111 31011111011313 (11111111113111,

 

